15645
15644
15643
15642
15641
15640
15639
15638
15637
15636
15624
15623
15622
15621
15620
15614
15613
15612
15595
15594
15593
15565
15478
15448
15441
15413
15380
15354
15325
15324
15313
15629
15142
14995
13990
12934
12933
12488
12136
12135
12134
12133
12035
12034
12033
11972
11889
11888
11710
10934
10928
10927
10925
10428
10266
9475
9430
9392
9323
9238
9236
9185
9180
9172
9162
9154
9114
8930
8928
8900
8565
8512
8475
8438
8311
8253
8211
8150
8104
8015
8014
7958
7956
7948
7930
7860
7786
7752
7654
7627
7626
11111111
15628
15627
15619
15617
15616
15599
15586
15580
15579
15576
15568
15535
15520
15498
15492
15491
15477
15474
15415
15386
15381
15356
15352
15323
15321
15319
15250
15233
15144
15026
15024
15022
14921
14911
14867
14866
14865
14864
14863
14642
14641
14640
14639
14638
14619
14563
14517
14486
14401
14400
14399
14371
14370
14369
13988
13716
13715
13714
13713
13712
2222222
15692
15691
15689
15688
15023
14993
14966
14964
14680
14679
14678
14677
14676
14562
14328
14327
14326
14325
14324
13564
13563
13562
13561
13560
13399
13398
13397
13396
13395
13199
13198
13197
13196
13195
13123
12765
12728
12681
12680
12678
12602
12501
12500
12499
12498
12497
12386
12385
12384
12383
12382
11982
15717
15713
15711
15518
15480
15445
15406
15251
15160
15105
15104
14963
14565
14467
14417
2222222
15550
15549
15505
15504
15503
15502
15501
15461
15332
15331
15330
15329
15328
15317
15180
3333333
14403
14402
14051
14049
14031
14029
13940
13933
13906
13905
13904
13489
13488
13487
13486
13485
13126
12622
12621
12620
12619
12618
12617
12616
12615
12491
12490
12489
12406
12405
12404
12403
12402
12141
12140
12139
12138
12137
12100
11942
11936
11935
11934
11933
11932
11911
11910
11909
11908
11907
11906
11753
11752
11689
11219
11218
11217
11216
11215
11213
15705
15630
15571
15543
15536
15482
15451
15421
15391
15369
15337
15327
15297
15263
15218
15715
15710
15625
15609
15564
15552
15531
15522
15521
15515
15497
15450
15446
15444
15384
15349
15326
15234
15161
15084
15082
15080
15079
15006
15005
15004
15003
15002
14910
14909
15709
15701
15516
15509
15407
15041
15040
15038
14670
14669
14668
14667
14666
13932
13519
11111111
16919
17306
17283
17227
17208
17175
17080
17079
17078
17077
17076
17067
17025
17024
16968
16887
16886
16885
16884
16883
16812
16811
16808
16761
16759
16610
16600
16564
16536
16526
17477
17473
17424
17401
17380
16513
16372
16365
16358
16332
16331
16304
16302
16261
16248
16247
16239
16212
16162
16138
16132
15905
17487
17485
17483
17447
17446
17422
17378
17375
17371
17368
17367
17366
17365
17364
17363
17362
17361
17370
17369
17338
17319
17225
17216
17215
17066
16899
16704
16664
16509
16371
16370
16334
17514
17479
17478
17469
17445
17444
17443
17433
17384
17381
17379
17350
17349
17348
17347
17677
17676
17657
17648
17619
17616
17606
17605
17560
17558
17557
17490
17482
17452
17451
17904
17847
17840
17794
17793
17792
17733
17719
17709
17687
17683
17673
17672
17654
17643
17636
17633
17622
17612
17604
17569
17912
17906
17905
17894
17891
17890
17873
17856
17855
17842
17839
17815
17814
17812
17802
18014
18012
17993
17978
17977
17916
17857
17835
17816
17779
17692
17548
17468
17340
17282
17272
17271
17065
17064
17062
16858
16857
16668
16667
16566
16565
16556
16388
16301
16291
16289
16279
16276
16141
16101
17455
17454
17403
17352
17304
17257
17256
17255
17184
17181
17040
16998
16985
16963
16906
18212
18206
18183
18182
18172
18166
18152
18149
18141
18126
18122
18102
18100
18099
18085
18084
18082
18062
18057
18051
18041
18039
18033
18025
18024
18023
17996
17990
17989
17982
18175
18088
